asdfasdfsdf
190238
194948
245545
350581
478886
514086
515196
527023
814796
938773
956793
996281
1017647
1027285
1027287
1029747
1054785
1064103
1068157
1068158
1072307
1074727
1081736
1082649
1085883
1092754
1131282
1133690
1142412
1156433
1162691
1163045
1163085
1164198
1179188
1183167
1210593
1213075
1216551
1273941
1288932
1293251
1293252
1309038
1316475
1316478
1325043
1325594
1325655
1362664
1380291
1395171
1396230
1398451
1406740
1408249
1413594
1417864
1417908
1418913
1424961
1442259
1448045
1448049
1453998
1464015
1469419
1496820
1519182
1525857
1541623
1541821
1597955
1610054
1700369
1701792
1733301
1733417
1743511
1750140
1765322
1766456
1769962
1800179
1827143
1846360
1873114
1898085
1898471
1901078
1921785
1922160
1925115
1968975
1980433
2041808
2080758
2110430
2110448
2142968
2145872
2146458
2176663
2192504
2234025
2275250
2292528
2350677
2363956
2377166
2377718
2381281
2382367
2382679
2383590
2386746
2388044
2389705
2389744
2390217
2390517
2392745
2392819
2393400
2394235
2396210
2396222
2397145
2400885
2400905
2402808
2402971
2403388
2403392
2403402
2405333
2406822
2407093
2408573
2410073
2410079
2410588
2412912
2412945
2412987
2413462
2413473
2413595
2414126
2415778
2415850
2415857
2415899
2415996
2416043
2421904
2423062
2424342
2424371
2424375
2424628
2425224
2426279
2428818
2432502
2432713
2432994
2435179
2435182
2437230
2437594
2439483
2446785
2450604
2451667
2452606
2452906
2455823
2456212
2457134
2459075
2460603
2472917
2474346
2477707
2477993
2478111
2478505
2479055
2479078
2479121
2479213
2479360
2481407
2482341
2482750
2483414
2483620
2483740
2486020
2486256
2490947
2491032
2493108
2493117
2493769
2493992
2495000
2495057
2495063
2495098
2495112
2495302
2496570
2502596
2505060
2505289
2506744
2506848
2506856
2506874
2506912
2506935
2508058
2512103
2517700
2517822
2517855
2517980
2518470
2518715
2518787
2518835
2523782
2523837
2524070
2525482
2526798
2527473
2528817
2528843
2529711
2530419
2531521
2531526
2536867
2538121
2538124
2538135
2538374
2538519
2538566
2538575
2538606
2539621
2539709
2539912
2540014
2541610
2543496
2546027
2546099
2546469
2548082
2548824
2548828
2548835
2548848
2549211
2549413
2549731
2550816
2552415
2553059
2554452
2554947
2555563
2557446
2557570
2557581
2557635
2557709
2558458
2558656
2559021
2560190
2560280
2560319
2560509
2563781
2566111
2566374
2566899
2567425
2568273
2568361
2571914
2572860
2574088
2576900
2577004
2577969
2580277
2582115
2582466
2582472
2582865
2582947
2584127
2584224
2587969
2588091
2588505
2588635
2589935
2590193
2590945
2590947
2591131
2592636
2595555
2599477
2603896
2603904
2603910
2604382
2604383
2604384
2604613
2604675
2605134
2605736
2605741
2606750
2609281
2609684
2609791
2611235
2613337
2613687
2613698
2613978
2614270
2614707
2615300
2616143
2622412
2623676
2623677
2623766
2624488
2624545
2624574
2625105
2631410
2631722
2632586
2633683
2634220
2634597
2634903
2638965
2644373
2644580
2644910
2645300
2646681
2649181
2650016
2650038
2650160
2650228
2650470
2651964
2652724
2652808
2653380
2653581
2653599
2653651
2655490
2656439
2658007
2658009
2659187
2659835
2662877
2662924
2662938
2662954
2665575
2665673
2667948
2667957
2667961
2668895
2672895
2673753
2674047
2674065
2674727
2675497
2675533
2676824
2676852
2678194
2679858
2679982
2680456
2680461
2680568
2680627
2681153
2681741
2682112
2686002
2688089
2691783
2692619
2693551
2693640
2693932
2693974
2693989
2694076
2694686
2695864
2695870
2695904
2696030
2696065
2696375
2696707
2696743
2700389
2700396
2700402
2700406
2700409
2700412
2701509
2701550
2703021
2705749
2709593
2709602
2709624
2710278
2710560
2711659
2711963
2712258
2712334
2713129
2715388
2715421
2715477
2715479
2715529
2715657
2718598
2719564
2719738
2719741
2719894
2723018
2723649
2724596
2725474
2726212
2726964
2727241
2729095
2729100
2729138
2729145
2730381
2732848
2733415
2733417
2733619
2733724
2733750
2734290
2735015
2735055
2735062
2735066
2735075
2735080
2735083
2735092
2735096
2735101
2735106
2735117
2735125
2735241
2736644
2736880
2738975
2739467
2739824
2742651
2743021
2743028
2750700
2752607
2752612
2754153
2754189
2754242
2756025
2756880
2756883
2759061
2760681
2760779
2760863
2760872
2761311
2762681
2762743
2765488
2767012
2767708
2768372
2768982
2769884
2774696
2776180
2776231
2776235
2777851
2783731
2784313
2785071
2785589
2786506
2788652
2790698
2790718
2791448
2795563
2795569
2795762
2795792
2795798
2797263
2797514
2797851
2798662
2799103
2799349
2800394
2800951
2801410
2803300
2803725
2803748
2804338
2805283
2806541
2806847
2807968
2809920
2810891
2812308
2812517
2815001
2815398
2816611
2817642
2817658
2820295
2822981
2822995
2823332
2823341
2824693
2825358
2825669
2826578
2828190
2828266
2828305
2828314
2828320
2828327
2828336
2828345
2828361
2828370
2828386
2828391
2828511
2828517
2830235
2832551
2832871
2834775
2834778
2836836
2837460
2837467
2838012
2839375
2839842
2841462
2841725
2847281
2847539
2847988
2847990
2848504
2848900
2848901
2849220
2850663
2855363
2856582
2858344
2859203
2860619
2860764
2863915
2864838
2868608
2868653
2870469
2870867
2871674
2873208
2873336
2875402
2875409
2875412
2875416
2876249
2876574
2876580
2877021
2877582
2877935
2878499
2878881
2879664
2883098
2884621
2890434
2897110
2898069
2898371
2899601
2899694
2900710
2901782
2903502
2906255
2910234
2911785
2911838
2915473
2916411
2917128
2917130
2919128
2919405
2920151
2920156
2921256
2921632
2922299
2925574
2925642
2925645
2925795
2925872
2925879
2925963
2926013
2926027
2926096
2928822
2930042
2930327
2931311
2932491
2932930
2933612
2936969
2937611
2937615
2937619
2937636
2938344
2943731
2944069
2944263
2947862
2948449
2952280
2952351
2956181
2959766
2960405
2964616
2966284
2966410
2966414
2970835
2970995
2971023
2971729
2973233
2974075
2974424
2975903
2975908
2976496
2977056
2981405
2981634
2981716
2986573
2986734
2986760
2986806
2989305
2990043
2990956
2993242
2993649
2993746
2994904
2999149
3000135
3000722
3000785
3001446
3001762
3001766
3001781
3001783
3001786
3001955
3001983
3002667
3002835
3002930
3002933
3003286
3008999
3009061
3009122
3009372
3012975
3012994
3013132
3013134
3016852
3018227
3021873
3022634
3022798
3023604
3023677
3023717
3025197
3025536
3025568
3025698
3026501
3026513
3026853
3026908
3027855
3028868
3030767
3031327
3031343
3031380
3031527
3031538
3031666
3031689
3032823
3032848
3032850
3032889
3032978
3033041
3033165
3033216
3033397
3033606
3036730
3037612
3037710
3041061
3042044
3042053
3042058
3043513
3044688
3045557
3046091
3047314
3048055
3051522
3051634
3052430
3053016
3053023
3053483
3053806
3053874
3053894
3053980
3054852
3055008
3060452
3063132
3065244
3065493
3066581
3066839
3066881
3071291
3071809
3072125
3073317
3077059
3078711
3080312
3080594
3080915
3082053
3082675
3083381
3086220
3086994
3087127
3087135
3087141
3087916
3087922
3088104
3088108
3088288
3088375
3090938
3090978
3092585
3093974
3094198
3096187
3096189
3098610
3099459
3100725
3100734
3100740
3100762
3101504
3103474
3103483
3104243
3105739
3106447
3108728
3109643
3112084
3112097
3112143
3113195
3113203
3114326
3114329
3114367
3116646
3123013
3123022
3123794
3126107
3127754
3128486
3131444
3131825
3133461
3133511
3133722
3136239
3136247
3136538
3137355
3138477
3140313
3140359
3140383
3142089
3143698
3145236
3145565
3148198
3150752
3151330
3151750
3154800
3156846
3156859
3159117
3160855
3163242
3164380
3164645
3165212
3173446
3173770
3174197
3177861
3180388
3181259
3185624
3186171
3190217
3190811
3191474
3192716
3194751
3199538
3202030
3202381
3206960
3208901
3209767
3209769
3214787
3216023
3216268
3217559
3219606
3221599
3224162
3224704
3224713
3224760
3224765
3227036
3227173
3228174
3234052
3236905
3239803
3240494
3240498
3242019
3242371
3243280
3243306
3243946
3244065
3245140
3247111
3248730
3250188
3250958
3259320
3267404
3267408
3269468
3269803
3270472
3272527
3273793
3273968
3273989
3274281
3274324
3274329
3275681
3278096
3278924
3282274
3284221
3290587
3291847
3293761
3294819
3297617
3299832
3312898
3312997
3313004
3315929
3317677
3319207
3319710
3321706
3327763
3332379
3333130
3336434
3336766
3340680
3343403
3343862
3354486
3360041
3361164
3362297
3363264
3364348
3364558
3366567
3366581
3368644
3369337
3369532
3370003
3371229
3376446
3377297
3378599
3379340
3386287
3386844
3387030
3387034
3387990
3388661
3389407
3390456
3390545
3393488
3395980
3397737
3397739
3398286
3400611
3400616
3400894
3402749
3406370
3406377
3406455
3408081
3409634
3410227
3412509
3412773
3413281
3417196
3422669
3423006
3423703
3424163
3425287
3425711
3425912
3428291
3428293
3428387
3430450
3433499
3433606
3434609
3435174
3436100
3438517
3438593
3442492
3443163
3443351
3443456
3443693
3444586
3444641
3444766
3446159
3446173
3448045
3448531
3450190
3451314
3452057
3452884
3454349
3454555
3456081
3456325
3457849
3458065
3458265
3459741
3459746
3461637
3462110
3463667
3463884
3463946
3463952
3466423
3466779
3466801
3468385
3468946
3470062
3470445
3473534
3474166
3474619
3474681
3478531
3478932
3485272
3486299
3487046
3491386
3491439
3491497
3491534
3491882
3491914
3491939
3492732
3494612
3494912
3495618
3496687
3503497
3507539
3508352
3508503
3509218
3509343
3510661
3510820
3514636
3515939
3519211
3519262
3519311
3520979
3521021
3522088
3529505
3533802
3534356
3534857
3535745
3537311
3538698
3540051
3544159
3545478
3545565
3548919
3549008
3550531
3550545
3553157
3554324
3555370
3555378
3555388
3555398
3556822
3557149
3557886
3558072
3563012
3564408
3566056
3570044
3570916
3571436
3571440
3571935
3572018
3572037
3573165
3575045
3577175
3577245
3584989
3586649
3593579
3594836
3599375
3602437
3602556
3602587
3602631
3602777
3602783
3603217
3603267
3603644
3605396
3610684
3610887
3610902
3614253
3616314
3618847
3619399
3619562
3619566
3621164
3621659
3622019
3622083
3622123
3622239
3623534
3624042
3624228
3624302
3625468
3626030
3626558
3626921
3626953
3627007
3627195
3627264
3627893
3627907
3627955
3632774
3632780
3637186
3640157
3643499
3644668
3646189
3648010
3648681
3648770
3648776
3648850
3648863
3649016
3650587
3650837
3651769
3652111
3652182
3652375
3652608
3652971
3657534
3657933
3661957
3664950
3666168
3666928
3667291
3667471
3667537
3667549
3668887
3668892
3670866
3672817
3674396
3675862
3675918
3677557
3679981
3682018
3683055
3683311
3685490
3686608
3686910
3687095
3687114
3687269
3687585
3688879
3692618
3695851
3696157
3696197
3696623
3697005
3698685
3700789
3702027
3703897
3708865
3709178
3716137
3717639
3719069
3720382
3721739
3722985
3723387
3726780
3727028
3727566
3727585
3727589
3727604
3728170
3729891
3730301
3730711
3731019
3731723
3732296
3732441
3732455
3738109
3738117
3739262
3739302
3739732
3740316
3742320
3742327
3742347
3742353
3742358
3742363
3742384
3742393
3742402
3742409
3742417
3742422
3742439
3742446
3742457
3742466
3742478
3743769
3744303
3752046
3754350
3757562
3759761
3761721
3761727
3764427
3764464
3765981
3767226
3768982
3769952
3770411
3772690
3775835
3776655
3777324
3777370
3780637
3784160
3784432
3785465
3786332
3788814
3791172
3794289
3794958
3794978
3795072
3795096
3796165
3796266
3796411
3803592
3803671
3803681
3804926
3805023
3810052
3810054
3810120
3810261
3813813
3815079
3815381
3817730
3819482
3820978
3820983
3821879
3821907
3823117
3823709
3823716
3823778
3825099
3825151
3826787
3828945
3828952
3832696
3833287
3833721
3834068
3837127
3838054
3838059
3838064
3838110
3838701
3840120
3840125
3845850
3845934
3845967
3848404
3849455
3850926
3850959
3850968
3853748
3854512
3854794
3858597
3858785
3860423
3861021
3861290
3861647
3866498
3867766
3868862
3869974
3869977
3872546
3874546
3888009
3889860
3890037
3891286
3891587
3892507
3893296
3893963
3895164
3896951
3901682
3903427
3903933
3904609
3905921
3919585
3919950
3921238
3924265
3924845
3925490
3926111
3926144
3926600
3926605
3931572
3931872
3932135
3933758
3937240
3938565
3942567
3944109
3945603
3945865
3946099
3946472
3946869
3947935
3948475
3949304
3949467
3951129
3951148
3951419
3951486
3951503
3952438
3952561
3953698
3955599
3956172
3958159
3958708
3959762
3962343
3963552
3964532
3964996
3965842
3965844
3966397
3966504
3966515
3966842
3967231
3969044
3969324
3969330
3970587
3971011
3971776
3972450
3975409
3975418
3976405
3977178
3977227
3977667
3978358
3978418
3978422
3978884
3978890
3979384
3981935
3982420
3984591
3985945
3985950
3986297
3986722
3986743
3987819
3987829
3989302
3991469
3991838
3992595
3995578
3997883
3998041
3998053
3998927
4000569
4000748
4002582
4003243
4003469
4003557
4003765
4007197
4009406
4009890
4009969
4011502
4011863
4013098
4014310
4014346
4014638
4017746
4019190
4019257
4019360
4020419
4021712
4021909
4021911
4024295
4024309
4024394
4024420
4024640
4025053
4025289
4025336
4025361
4025397
4026056
4026089
4027710
4027904
4027943
4031162
4031431
4031467
4031947
4032562
4032872
4033310
4033838
4033874
4034270
4034273
4034301
4034306
4035992
4036241
4037598
4037829
4037837
4039213
4040487
4040752
4042527
4043347
4043570
4043577
4043740
4043781
4043997
4044087
4044190
4045549
4046437
4047083
4048558
4048606
4049963
4051430
4052521
4053734
4053799
4054156
4055813
4055909
4057310
4058041
4061636
4061931
4062047
4062642
4063302
4064071
4064754
4064772
4071519
4074740
4075195
4075311
4075328
4076275
4077285
4077877
4078033
4080240
4080958
4081726
4082142
4082500
4082920
4083051
4086229
4086303
4086463
4087150
4087349
4088628
4088653
4089178
4090740
4090799
4095045
4095274
4095346
4097661
4098549
4098602
4099106
4099360
4099397
4099502
4100589
4102702
4102739
4103178
4105270
4107425
4107900
4108485
4110123
4113717
4119004
4120156
4120159
4120162
4120452
4120669
4121447
4121449
4121752
4121763
4123379
4124026
4125221
4125961
4125970
4127824
4128079
4129159
4129344
4130186
4130366
4131755
4133320
4133995
4134067
4134075
4134084
4134094
4134795
4134885
4136392
4136912
4139055
4139097
4139139
4139161
4140004
4140862
4141166
4141986
4142001
4142132
4142151
4142984
4142985
4142986
4143800
4143859
4144961
4146691
4146972
4149725
4150616
4151363
4151461
4151462
4152019
4156098
4156176
4156699
4156855
4157213
4157518
4157728
4161119
4161910
4162099
4162164
4162795
4165592
4165842
4167765
4168502
4168504
4169478
4169734
4169976
4170164
4171346
4172544
4172559
4173821
4175384
4175657
4176369
4177066
4177069
4177607
4178585
4178586
4178587
4179043
4179049
4179145
4179220
4179259
4179284
4179705
4179875
4180006
4180062
4180109
4180304
4180368
4180975
4181007
4181329
4181338
4181485
4181526
4181535
4181556
4181954
4182050
4182060
4182156
4182235
4182244
4182249
4182252
4182255
4182495
4182540
4182561
4182661
4182694
4182835
4182841
4182894
4182936
4183219
4183696
4183760
4185995
4186026
4186270
4186720
4186725
4186884
4186890
4187623
4188267
4189296
4190288
4190746
4190982
4191203
4192111
4192224
4196267
4196647
4196788
4197018
4197142
4197177
4198089
4199482
4201343
4202910
4203079
4203609
4203615
4203666
4203721
4203835
4203881
4204433
4204826
4208694
4208700
4210658
4212759
4213543
4214347
4215213
4215991
4217010
4217012
4217020
4217482
4218483
4218484
4222611
4222632
4222661
4222862
4224357
4225263
4229128
4229669
4230093
4230909
4232378
4233310
4234747
4234904
4236043
4237095
4237341
4237591
4239270
4239477
4239807
4239810
4241371
4241574
4241785
4242696
4243705
4243710
4244715
4245553
4245735
4245756
4245922
4247385
4247399
4247799
4249928
4250337
4251970
4251971
4252713
4252725
4253199
4253632
4254877
4256085
4256087
4256242
4257744
4257776
4257799
4260772
4263578
4264562
4265908
4266281
4266737
4266741
4268195
4268200
4268708
4269024
4270177
4273623
4275808
4275810
4276007
4277119
4279458
4279680
4280104
4282173
4282867
4283884
4283888
4284400
4289663
4289690
4289702
4289742
4289776
4290390
4290744
4293095
4293644
4294672
4294703
4294709
4294870
4295119
4296634
4297158
4299422
4300963
4302452
4303461
4305510
4308353
4308437
4308439
4309928
4312341
4312492
4313013
4313052
4313145
4314324
4314510
4315282
4316031
4318640
4319635
4321881
4322368
4322754
4323842
4324085
4324552
4324557
4325067
4325313
4325537
4325796
4326622
4326624
4328386
4328390
4328463
4329937
4330174
4330225
4331020
4331092
4331585
4332516
4332673
4333752
4333754
4334163
4334167
4336450
4337420
4337438
4339556
4339774
4339879
4341088
4343102
4343365
4343366
4343368
4343369
4343374
4343736
4343837
4343841
4343843
4345344
4345733
4345746
4347073
4347475
4347481
4350369
4350763
4352499
4353003
4353302
4353951
4354239
4355819
4359198
4359484
4359617
4361957
4363687
4363691
4364410
4365050
4365063
4367351
4367360
4367372
4368075
4368134
4368654
4369154
4369802
4371205
4371547
4372386
4373299
4373392
4374970
4375039
4377347
4377874
4378293
4378493
4378943
4380372
4380378
4380406
4380639
4380806
4380875
4381358
4381631
4381672
4382291
4383052
4384188
4384362
4385335
4386826
4388565
4389345
4391533
4391632
4392062
4395235
4396264
4397044
4397222
4397841
4397887
4398027
4398996
4399219
4399380
4400271
4401229
4401527
4403198
4405381
4406198
4406360
4408866
4409539
4409968
4414701
4415151
4417739
4417806
4417868
4419743
4423078
4424257
4425285
4425656
4425679
4427813
4429629
4430477
4432088
4433156
4435953
4435987
4436025
4436543
4436558
4437029
4437237
4441296
4443369
4443385
4444517
4444630
4445266
4446191
4447259
4450124
4450177
4451059
4452018
4452670
4453137
4453957
4455736
4457832
4458441
4459206
4460588
4460593
4460598
4460619
4460741
4460745
4461525
4461991
4463828
4464263
4464266
4464374
4464376
4465199
4465222
4465226
4465554
4465653
4465662
4466318
4467037
4467042
4467048
4469259
4470551
4472331
4472336
4474490
4475026
4475320
4476602
4479192
4479231
4480202
4481302
4482606
4482849
4484094
4484167
4485462
4487187
4487695
4487796
4488054
4488459
4489751
4490951
4491093
4491863
4492066
4492473
4493173
4493464
4493465
4493537
4493967
4495059
4495631
4496205
4496342
4497131
4497799
4498044
4499125
4503595
4503755
4504415
4504569
4505537
4508063
4508468
4511097
4511592
4511776
4511790
4511805
4512152
4512591
4512798
4513562
4513568
4515229
4515237
4515252
4515257
4515259
4515828
4517209
4517948
4518047
4520344
4520353
4520467
4520789
4521043
4521711
4521759
4521763
4521765
4521792
4522890
4523611
4523615
4523848
4527425
4531342
4531607
4531763
4533225
4535256
4536308
4538064
4538309
4538561
4539039
4539903
4540382
4540401
4540402
4540489
4540517
4541638
4541649
4542568
4543328
4543331
4543670
4544670
4544701
4544704
4544798
4545254
4545511
4545606
4545802
4546291
4546325
4546496
4547877
4548205
4548223
4548260
4548268
4548909
4549062
4549074
4550827
4551445
4552063
4552769
4554226
4555129
4555271
4555293
4556524
4556670
4557320
4557363
4557806
4558570
4559606
4559935
4559944
4561530
4567097
4567751
4567990
4568299
4568530
4569596
4570083
4570087
4570092
4570100
4570109
4570178
4570544
4570617
4571953
4572656
4577062
4577371
4577762
4578821
4579133
4582482
4583464
4584832
4585327
4588034
4588997
4589004
4589050
4589058
4589098
4589226
4589542
4590593
4590595
4591414
4592719
4594847
4595313
4595484
4597733
4597775
4599907
4600654
4601957
4602367
4603300
4603542
4604053
4604057
4605940
4606931
4608079
4609022
4610301
4610573
4611576
4613124
4613140
4613688
4614015
4614417
4614907
4615036
4617339
4618049
4619322
4620339
4622154
4622170
4626686
4626799
4626832
4627207
4627435
4628510
4628761
4628879
4630826
4630870
4633167
4634167
4634764
4634785
4635087
4635183
4636359
4643583
4643944
4645400
4645408
4645855
4645875
4646419
4646422
4647106
4647337
4648286
4648659
4654375
4656590
4661224
4665736
4667157
4667597
4668221
4669595
4670475
4671024
4671027
4671539
4672654
4672657
4672669
4672926
4673584
4673587
4673595
4674175
4675327
4677086
4678696
4681234
4681237
4681240
4681246
4681249
4681251
4681255
4681408
4681412
4681416
4681418
4681420
4681423
4681428
4681990
4682529
4682543
4682547
4682555
4682556
4682560
4682566
4683876
4684019
4684023
4684026
4684027
4684597
4686029
4686031
4686035
4686039
4686042
4686327
4686416
4687229
4688360
4688363
4688367
4688370
4688375
4688378
4688379
4688843
4691154
4691157
4691163
4691166
4691170
4691172
4691175
4692333
4694578
4696743
4697644
4698730
4699594
4699634
4699873
4700781
4700975
4701572
4702076
4703403
4704113
4704819
4704964
4705083
4706398
4706544
4706763
4708899
4709501
4709742
4709744
4709754
4709785
4710379
4710380
4710588
4710719
4714919
4715857
4715938
4716020
4716023
4716040
4719008
4720095
4720096
4720100
4725880
4727279
4727345
4728193
4729211
4729811
4729993
4730237
4730854
4731149
4733712
4735142
4735157
4735681
4735906
4737096
4737349
4738828
4739522
4740090
4740284
4742204
4749919
4750660
4750889
4751194
4752194
4752315
4752530
4752632
4754454
4755096
4758400
4759123
4759131
4760971
4760975
4761067
4761634
4761866
4765165
4765556
4765819
4767488
4767827
4768093
4769672
4771432
4771457
4773094
4774609
4775675
4776719
4777288
4778278
4778696
4779076
4780454
4781021
4783695
4784478
4784519
4786596
4787503
4792038
4793849
4800008
4801082
4801084
4801426
4802534
4803063
4804503
4804521
4804529
4805142
4805343
4805799
4806286
4807242
4807337
4807353
4807428
4808850
4811928
4812913
4813010
4813077
4813128
4813203
4814770
4814783
4814835
4814839
4815558
4816058
4816272
4817677
4819522
4819943
4820705
4821303
4821454
4822558
4822568
4822573
4822665
4822910
4822926
4823320
4823330
4823537
4824109
4825485
4826141
4827596
4828163
4828172
4831132
4833540
4834278
4835523
4836035
4839907
4840024
4840115
4840119
4842085
4842982
4843823
4843828
4843968
4845019
4845104
4846060
4846156
7895022776408
9803469575711
14875182430849
25065429232895
25069662104263
44772780473060
66569040777403
89537468882980
89540029481419
168806175646231
168807549892060
